100
70 56
66 86
3 64
46 6
75 11
11 97
67 72
67 37
9 53
62 89
23 51
76 0
59 10
8 98
34 48
71 2
1 93
1 84
6 97
86 96
73 7
38 39
22 24
100 56
78 74
34 10
33 66
32 37
32 42
85 4
83 1
82 5
34 28
78 84
59 83
62 96
34 34
47 82
23 95
57 70
57 71
64 63
99 62
18 92
29 48
32 38
25 6
18 41
1 42
88 12
62 30
32 28
79 81
70 20
17 23
69 14
57 69
71 81
45 31
17 46
74 20
99 18
31 59
72 1
91 11
6 74
26 29
63 61
80 6
86 100
23 74
88 38
25 84
85 85
18 12
2 76
16 49
96 21
44 14
30 2
6 69
62 44
72 100
19 18
19 97
43 42
92 64
7 78
40 25
59 42
43 13
21 55
12 2
15 2
51 67
67 44
34 74
25 31
5 45
46 39
